Hyperparameters and Results:
model: FullFeaturesResNet
learning_rate: 0.001
batch_size: 512
num_epochs: 1
patience: 3
dropout: 0.3
weight_decay: 0.001
num_classes: 3
train_size: 10483
val_size: 2246
test_size: 2247
validation_accuracy: 79.78628673196795
test_accuracy: 79.83978638184246
training time: 1631.4886016845703
loss function: FocalLoss
